\pgfplotstableread{
0 -0.222222222222222
1 -0.37037037037037
2 -0.444444444444445
3 -0.477366255144033
4 -0.491083676268862
5 -0.496570644718793
6 -0.498704465782655
7 -0.49951734999746
8 -0.499822181578012
9 -0.499935082163401
10 -0.499976479044711
11 -0.499991532456096
12 -0.499996968410207
13 -0.49999891977835
14 -0.499999616695543
15 -0.499999864488324
16 -0.499999952248266
17 -0.499999983222364
18 -0.499999994120657
19 -0.49999999794462
20 -0.499999999283007
21 -0.49999999975038
22 -0.499999999913253
23 -0.499999999969904
24 -0.499999999989575
25 -0.499999999996394
26 -0.499999999998754
27 -0.49999999999957
28 -0.499999999999852
29 -0.499999999999949
30 -0.499999999999983
31 -0.499999999999994
32 -0.499999999999998
33 -0.499999999999999
34 -0.5
35 -0.5
36 -0.5
37 -0.5
38 -0.5
39 -0.5
40 -0.5
41 -0.5
42 -0.5
43 -0.5
44 -0.5
45 -0.5
46 -0.5
47 -0.5
48 -0.5
49 -0.5
50 -0.5
51 -0.5
52 -0.5
53 -0.5
54 -0.5
55 -0.5
56 -0.5
57 -0.5
58 -0.5
59 -0.5
60 -0.5
61 -0.5
62 -0.5
63 -0.5
64 -0.5
65 -0.5
66 -0.5
67 -0.5
68 -0.5
69 -0.5
70 -0.5
71 -0.5
72 -0.5
73 -0.5
74 -0.5
75 -0.5
76 -0.5
77 -0.5
78 -0.5
79 -0.5
80 -0.5
81 -0.5
82 -0.5
83 -0.5
84 -0.5
85 -0.5
86 -0.5
87 -0.5
88 -0.5
89 -0.5
90 -0.5
91 -0.5
92 -0.5
93 -0.5
94 -0.5
95 -0.5
96 -0.5
97 -0.5
98 -0.5
99 -0.5
}{\CoulombData100}