\pgfplotstableread{
0 2.044260666936157
1 2.45264920087522
2 2.37872138400758
3 2.39632496468182
4 2.39478316079092
5 2.3917633816297
6 2.39484390438197
7 2.39384885405369
8 2.39190343632845
9 2.39611660812682
10 2.39273102648146
11 2.38916492511203
12 2.40641724867771
13 2.37952342189584
14 2.37415995760502
15 2.52131310651113
16 2.12454448418083
17 2.39023648606272
18 4.4815126555112
19 -5.12203046610179
20 10.7702522446413
21 49.9644586260078
22 -298.08084941292
23 702.460495598931
24 1105.33541905625
25 -16322.9409637148
26 62946.27938158
27 -25106.399919436
28 -1126563.10270215
29 6866183.37743181
30 -13746599.6372589
31 -88326112.6072171
32 915082195.37275
33 -3359082566.78797
34 -5490071695.10069
35 145578060583.74
36 -833804176140.77
37 742846208452.97
38 26501357485809.8
39 -232627256186245.0
40 687086757302785.0
41 5084355890381210.0
42 -7.69290307897837e+16
43 4.26703412651886e+17
44 1.24200611844203e+17
45 -2.56282478771537e+19
46 2.88221032476424e+20
47 -2.2173619247401e+21
48 1.22276984863148e+22
49 6.27973865976945e+22
50 -3.74021553779285e+24
51 5.14912726560432e+25
52 4.54535426792173e+26
53 -3.85720565941906e+28
54 9.81402570360319e+29
55 -1.39680390198404e+31
56 3.46645950683807e+31
57 4.46085817190125e+33
58 -1.56062251633748e+35
59 3.33045159382147e+36
60 -4.93950520741566e+37
61 3.80388273081634e+38
62 4.89405662039698e+39
63 -2.55561362319156e+41
64 5.2189448837811e+42
65 -5.20578605565994e+43
66 -3.20021646419598e+44
67 1.88139014516769e+46
68 -5.33762449076799e+46
69 -1.50211660580623e+49
70 6.29882460635615e+50
71 -1.46848195473072e+52
72 1.94534295052575e+53
73 2.603496334586e+53
74 -9.13907589675373e+55
75 2.8646301772314e+57
76 -6.46000354156202e+58
77 1.56724639095037e+60
78 -4.92901702105741e+61
79 1.59472525660587e+63
80 -4.18149510058515e+64
81 7.49562414138698e+65
82 -4.5985278723356e+66
83 -2.37631643039435e+68
84 1.11435149122224e+70
85 -3.37148789655065e+71
86 1.11893879615282e+73
87 -4.40974602460445e+74
88 1.56176059349212e+76
89 -3.68948341531549e+77
90 5.83766503669784e+77
91 4.46976980655645e+80
92 -2.55953148893451e+82
93 8.7078746722422e+83
94 -1.81782017551264e+85
95 4.96864838283378e+85
96 1.43491356369069e+88
97 -6.95274123747811e+89
98 1.83225497585269e+91
99 -2.15835595841109e+92
}{\QuarticData}